2016-04-14 15:33:21.547676	|	6 2.5854  7 2.5874  4 2.6130  5 2.6143  2 2.6717  1 2.7175  3 2.7606
2016-04-14 15:33:22.259708	|	2 2.5705  1 2.5919  6 2.6023  5 2.6067  7 2.6530  4 2.6566  3 2.6673
2016-04-14 15:33:22.787551	|	5 2.5986  4 2.6033  3 2.6187  1 2.6274  6 2.6545  7 2.7408  2 2.9042
2016-04-14 15:34:23.305063	|	4 2.6039  7 2.6201  6 2.6248  3 2.6520  5 2.6987  1 2.7179  2 2.7927
2016-04-14 15:34:27.499906	|	1 2.5933  5 2.6185  2 2.6317  3 2.6838  6 2.6940  7 2.6978  4 2.7850
2016-04-14 15:40:41.425816	|	5 2.5975  3 2.6037  1 2.6103  6 2.6605  2 2.7007  4 2.7371  7 2.7515
2016-04-14 15:40:44.233097	|	3 2.6405  7 2.7282  1 2.7557  2 2.7701  6 2.7742  4 2.9160  5 2.9327
2016-04-14 15:40:53.364131	|	2 2.6529  7 2.6796  4 2.6832  5 2.6875  3 2.7040  1 2.7466  6 2.8037
2016-04-14 15:40:58.240349	|	1 2.5793  3 2.6192  7 2.6209  6 2.6270  4 2.6404  5 2.6997  2 2.7108
2016-04-14 15:40:59.137713	|	6 2.5695  3 2.5953  5 2.6150  7 2.6174  1 2.6219  4 2.6506  2 2.6752
2016-04-14 15:41:02.296366	|	4 2.5749  1 2.5777  3 2.5886  6 2.5898  7 2.5967  5 2.6029  2 2.6106
2016-04-14 15:41:11.703201	|	3 2.5700  4 2.5860  7 2.5930  5 2.5953  6 2.6009  2 2.6087  1 2.6359
2016-04-14 15:41:21.815842	|	2 2.6646  5 2.7198  6 2.7406  1 2.7554  7 2.7758  4 2.8537  3 2.9348
2016-04-14 15:41:25.289938	|	7 2.6487  4 2.6501  6 2.6569  2 2.6766  1 2.6996  3 2.7073  5 2.7284
2016-04-14 15:41:29.905978	|	2 2.5993  7 2.6063  6 2.6278  1 2.6389  4 2.6822  5 2.6941  3 2.7064
2016-04-16 08:39:02.145850	|	6 2.5854  7 2.5874  4 2.6130  5 2.6143  2 2.6717  1 2.7175  3 2.7606
2016-04-16 08:39:08.922849	|	2 2.5705  1 2.5919  6 2.6023  5 2.6067  7 2.6530  4 2.6566  3 2.6673
2016-04-16 08:48:31.154741	|	1 2.0000  2 2.0000  3 2.0000  4 2.0000  5 2.0000  6 2.0000  7 2.0000
2016-04-16 08:48:44.894710	|	1 2.0000  2 2.0000  3 2.0000  4 2.0000  5 2.0000  6 2.0000  7 2.0000
2016-04-16 08:48:47.964587	|	1 2.0000  2 2.0000  3 2.0000  4 2.0000  5 2.0000  6 2.0000  7 2.0000
2016-04-16 08:48:50.372090	|	1 2.0000  2 2.0000  3 2.0000  4 2.0000  5 2.0000  6 2.0000  7 2.0000
2016-04-16 08:48:52.729166	|	1 2.0000  2 2.0000  3 2.0000  4 2.0000  5 2.0000  6 2.0000  7 2.0000
2016-04-16 08:54:27.598575	|	6 2.1000  7 2.2000  2 2.3000  4 2.4000  5 2.5000  1 2.6000  3 2.7000
2016-04-16 08:55:59.111496	|	6 2.1000  7 2.2000  2 2.3000  4 2.4000  5 2.5000  1 2.6000  3 2.7000
2016-04-16 08:56:00.994100	|	6 2.1000  7 2.2000  2 2.3000  4 2.4000  5 2.5000  1 2.6000  3 2.7000
2016-04-16 08:56:07.485766	|	6 2.1000  7 2.2000  2 2.3000  4 2.4000  5 2.5000  1 2.6000  3 2.7000
2016-04-16 08:56:10.111867	|	6 2.1000  7 2.2000  2 2.3000  4 2.4000  5 2.5000  1 2.6000  3 2.7000
2016-04-16 08:59:40.601657	|	1 2.1000  2 2.2000  3 2.3000  4 2.4000  5 2.5000  6 2.6000  7 2.7000
2016-04-16 09:00:10.127150	|	1 2.1000  3 2.2000  5 2.3000  7 2.4000  2 2.5000  4 2.6000  6 2.7000
2016-04-16 09:00:33.774304	|	6 2.1000  5 2.2000  4 2.3000  3 2.4000  2 2.5000  1 2.6000  7 2.7000
2016-04-16 09:03:57.535855	|	3 2.1000  5 2.2000  4 2.3000  6 2.4000  1 2.5000  2 2.6000  7 2.7000
2016-04-16 09:16:47.083070	|	7 2.1000  6 2.2000  5 2.3000  4 2.4000  3 2.5000  2 2.6000  1 2.7000
2016-04-16 09:21:57.966951	|	1 2.1000  5 2.2000  4 2.3000  2 2.4000  6 2.5000  3 2.6000  0 2.7000
2016-04-16 09:23:39.640870	|	4 2.1000  1 2.2000  5 2.3000  3 2.4000  2 2.5000  6 2.6000  0 2.7000
2016-04-16 09:24:51.911326	|	2 2.1000  1 2.2000  6 2.3000  3 2.4000  4 2.5000  5 2.6000  0 2.7000
2016-04-16 09:26:03.565262	|	3 2.1000  6 2.2000  2 2.3000  5 2.4000  7 2.5000  1 2.6000  4 2.7000
2016-04-16 09:28:06.760959	|	5 2.1000  1 2.2000  4 2.3000  2 2.4000  3 2.5000  0 2.6000  0 2.7000
2016-04-16 09:30:16.902437	|	5 2.1000  3 2.2000  4 2.3000  6 2.4000  1 2.5000  2 2.6000  7 2.7000
2016-04-16 09:33:18.696970	|	4 2.1000  2 2.2000  3 2.3000  1 2.4000  0 2.5000  0 2.6000  0 2.7000
2016-04-16 09:35:22.319518	|	2 2.1000  3 2.2000  6 2.3000  1 2.4000  4 2.5000  5 2.6000  0 2.7000
2016-04-16 09:36:57.371361	|	5 2.1000  6 2.2000  4 2.3000  2 2.4000  1 2.5000  3 2.6000  0 2.7000
2016-04-16 09:47:21.033326	|	3 2.1000  6 2.2000  2 2.3000  5 2.4000  1 2.5000  4 2.6000  0 2.7000
2016-04-16 09:48:33.746190	|	6 2.1000  2 2.2000  4 2.3000  1 2.4000  3 2.5000  5 2.6000  7 2.7000
2016-04-16 09:50:05.318522	|	1 2.1000  4 2.2000  2 2.3000  5 2.4000  3 2.5000  0 2.6000  0 2.7000
2016-04-16 09:51:48.731057	|	4 2.1000  2 2.2000  1 2.3000  7 2.4000  5 2.5000  3 2.6000  6 2.7000
2016-04-16 09:53:08.524504	|	4 2.1000  2 2.2000  1 2.3000  7 2.4000  5 2.5000  3 2.6000  6 2.7000
2016-04-16 09:53:28.737905	|	1 2.1000  4 2.2000  2 2.3000  3 2.4000  0 2.5000  0 2.6000  0 2.7000
2016-04-16 09:54:51.019053	|	5 2.1000  2 2.2000  1 2.3000  6 2.4000  4 2.5000  3 2.6000  0 2.7000
2016-04-16 09:55:58.635228	|	6 2.1000  1 2.2000  4 2.3000  5 2.4000  3 2.5000  2 2.6000  0 2.7000
2016-04-16 09:57:38.745877	|	6 2.1000  2 2.2000  5 2.3000  3 2.4000  1 2.5000  4 2.6000  0 2.7000
2016-04-16 09:58:56.939017	|	5 2.1000  3 2.2000  7 2.3000  1 2.4000  6 2.5000  2 2.6000  4 2.7000
2016-04-16 09:59:56.817920	|	1 2.1000  2 2.2000  3 2.3000  5 2.4000  4 2.5000  0 2.6000  0 2.7000
2016-04-16 10:01:44.103199	|	2 2.1000  3 2.2000  7 2.3000  5 2.4000  4 2.5000  6 2.6000  1 2.7000
2016-04-16 10:02:55.483056	|	3 2.1000  1 2.2000  2 2.3000  4 2.4000  0 2.5000  0 2.6000  0 2.7000
2016-04-16 10:05:47.003346	|	6 2.1000  4 2.2000  2 2.3000  3 2.4000  5 2.5000  1 2.6000  0 2.7000
2016-04-16 10:06:29.151374	|	2 2.1000  1 2.2000  4 2.3000  3 2.4000  5 2.5000  6 2.6000  0 2.7000
2016-04-16 10:08:11.283061	|	6 2.1000  2 2.2000  3 2.3000  1 2.4000  4 2.5000  5 2.6000  0 2.7000
2016-04-16 10:10:42.661342	|	4 2.1000  1 2.2000  3 2.3000  6 2.4000  2 2.5000  7 2.6000  5 2.7000
2016-04-16 10:12:09.058795	|	3 2.1000  4 2.2000  1 2.3000  2 2.4000  5 2.5000  0 2.6000  0 2.7000
2016-04-16 10:13:40.595756	|	3 2.1000  4 2.2000  5 2.3000  1 2.4000  7 2.5000  6 2.6000  2 2.7000
2016-04-16 10:14:53.478205	|	4 2.1000  2 2.2000  3 2.3000  1 2.4000  0 2.5000  0 2.6000  0 2.7000
2016-04-16 10:16:41.827183	|	2 2.1000  6 2.2000  3 2.3000  4 2.4000  5 2.5000  1 2.6000  0 2.7000
2016-04-16 10:17:45.131893	|	3 2.1000  5 2.2000  2 2.3000  4 2.4000  6 2.5000  1 2.6000  0 2.7000
2016-04-16 10:19:09.152337	|	2 2.1000  4 2.2000  3 2.3000  6 2.4000  1 2.5000  5 2.6000  0 2.7000
2016-04-16 10:20:21.713187	|	5 2.1000  4 2.2000  2 2.3000  3 2.4000  1 2.5000  7 2.6000  6 2.7000
2016-04-16 10:21:53.862150	|	5 2.1000  2 2.2000  3 2.3000  1 2.4000  4 2.5000  0 2.6000  0 2.7000
2016-04-16 10:23:52.868738	|	5 2.1000  4 2.2000  6 2.3000  1 2.4000  2 2.5000  3 2.6000  7 2.7000
2016-04-16 10:25:13.739932	|	4 2.1000  1 2.2000  3 2.3000  2 2.4000  0 2.5000  0 2.6000  0 2.7000
2016-04-16 10:26:53.934961	|	2 2.1000  3 2.2000  6 2.3000  5 2.4000  4 2.5000  1 2.6000  0 2.7000
2016-04-16 10:28:00.097325	|	3 2.1000  4 2.2000  2 2.3000  5 2.4000  1 2.5000  6 2.6000  0 2.7000
2016-04-16 10:28:31.354588	|	3 2.1000  4 2.2000  2 2.3000  5 2.4000  1 2.5000  6 2.6000  0 2.7000
2016-04-16 10:29:36.089342	|	4 2.1000  2 2.2000  6 2.3000  3 2.4000  5 2.5000  1 2.6000  0 2.7000
2016-04-16 10:30:30.295001	|	6 2.1000  3 2.2000  5 2.3000  1 2.4000  4 2.5000  7 2.6000  2 2.7000
2016-04-16 10:31:46.876292	|	5 2.1000  4 2.2000  3 2.3000  1 2.4000  2 2.5000  0 2.6000  0 2.7000
2016-04-16 10:32:50.445618	|	1 2.1000  5 2.2000  2 2.3000  3 2.4000  4 2.5000  6 2.6000  7 2.7000
2016-04-16 10:33:43.634320	|	1 2.1000  2 2.2000  4 2.3000  3 2.4000  0 2.5000  0 2.6000  0 2.7000
